--> source '.../StructuralCalcs.m'





Cpe =

   -0.7000





qz =

    0.9600





pn =

   -0.6720





w =

   -2.0160





L =

 6





M =

   -9.0720



-->
